{daltitude: 0.90000000000000002, dpitch: 1.5, droll: 2.8000000000000007, dyaw: 0.0,
  ialtitude: 0.80000000000000004, ipitch: 3.0, iroll: 5.0, iyaw: 0.0, paltitude: 0.90000000000000002,
  ppitch: 1.5, proll: 1.5, pyaw: 2.0}
