
[image]

width
640

height
480

[narrow_stereo/left]

camera matrix
650.205745 0.000000 300.450355
0.000000 648.217984 247.490523
0.000000 0.000000 1.000000

distortion
-0.449179 0.300371 -0.002295 0.006749 0.000000

rectification
1.000000 0.000000 0.000000
0.000000 1.000000 0.000000
0.000000 0.000000 1.000000

projection
579.071289 0.000000 300.542379 0.000000
0.000000 606.336548 247.186137 0.000000
0.000000 0.000000 1.000000 0.000000


Wrote calibration data to /tmp/calibrationdata.tar.gz
D =  [-0.44917940991630317, 0.3003708333311671, -0.0022950307216519457, 0.0067491158222156887, 0.0]
K =  [650.20574462944273, 0.0, 300.45035460029089, 0.0, 648.21798387926196, 247.49052326545348, 0.0, 0.0, 1.0]
R =  [1.0, 0.0, 0.0, 0.0, 1.0, 0.0, 0.0, 0.0, 1.0]
P =  [579.0712890625, 0.0, 300.54237888182979, 0.0, 0.0, 606.3365478515625, 247.18613674221706, 0.0, 0.0, 0.0, 1.0, 0.0]


# oST version 5.0 parameters
#
#
# [image]
#
# width
# 640
#
# height
# 480
#
# [narrow_stereo/left]
#
# camera matrix
# 650.205745 0.000000 300.450355
# 0.000000 648.217984 247.490523
# 0.000000 0.000000 1.000000
#
# distortion
# -0.449179 0.300371 -0.002295 0.006749 0.000000
#
# rectification
# 1.000000 0.000000 0.000000
# 0.000000 1.000000 0.000000
# 0.000000 0.000000 1.000000
#
# projection
# 579.071289 0.000000 300.542379 0.000000
# 0.000000 606.336548 247.186137 0.000000
# 0.000000 0.000000 1.000000 0.000000
#


7 in camera distance horizontal 91/16
camera angle 22.5 from center


16.2 vertical
